(kicad_pcb (version 20171130) (host pcbnew 5.0.2-bee76a0~70~ubuntu18.04.1)

  (general
    (thickness 1.6)
    (drawings 254)
    (tracks 334)
    (zones 0)
    (modules 84)
    (nets 3)
  )

  (page A4)
  (layers
    (0 F.Cu signal)
    (31 B.Cu signal)
    (32 B.Adhes user)
    (33 F.Adhes user)
    (34 B.Paste user)
    (35 F.Paste user)
    (36 B.SilkS user)
    (37 F.SilkS user)
    (38 B.Mask user)
    (39 F.Mask user)
    (40 Dwgs.User user hide)
    (41 Cmts.User user hide)
    (42 Eco1.User user)
    (43 Eco2.User user hide)
    (44 Edge.Cuts user)
    (45 Margin user hide)
    (46 B.CrtYd user hide)
    (47 F.CrtYd user hide)
    (48 B.Fab user hide)
    (49 F.Fab user hide)
  )

  (setup
    (last_trace_width 0.8)
    (user_trace_width 0.5)
    (user_trace_width 0.8)
    (trace_clearance 0.2)
    (zone_clearance 0.1)
    (zone_45_only no)
    (trace_min 0.2)
    (segment_width 0.2)
    (edge_width 0.1)
    (via_size 0.8)
    (via_drill 0.4)
    (via_min_size 0.4)
    (via_min_drill 0.3)
    (uvia_size 0.3)
    (uvia_drill 0.1)
    (uvias_allowed no)
    (uvia_min_size 0.2)
    (uvia_min_drill 0.1)
    (pcb_text_width 0.3)
    (pcb_text_size 1.5 1.5)
    (mod_edge_width 0.15)
    (mod_text_size 1 1)
    (mod_text_width 0.15)
    (pad_size 1.524 1.524)
    (pad_drill 0.762)
    (pad_to_mask_clearance 0.05)
    (solder_mask_min_width 0.2)
    (aux_axis_origin 0 0)
    (visible_elements FFF9F77F)
    (pcbplotparams
      (layerselection 0x010f0_ffffffff)
      (usegerberextensions false)
      (usegerberattributes false)
      (usegerberadvancedattributes false)
      (creategerberjobfile false)
      (excludeedgelayer true)
      (linewidth 0.100000)
      (plotframeref false)
      (viasonmask false)
      (mode 1)
      (useauxorigin false)
      (hpglpennumber 1)
      (hpglpenspeed 20)
      (hpglpendiameter 15.000000)
      (psnegative false)
      (psa4output false)
      (plotreference false)
      (plotvalue false)
      (plotinvisibletext false)
      (padsonsilk false)
      (subtractmaskfromsilk false)
      (outputformat 1)
      (mirror false)
      (drillshape 0)
      (scaleselection 1)
      (outputdirectory "../../gerbers/secondary_mmc/"))
  )

  (net 0 "")
  (net 1 /+)
  (net 2 /-)

  (net_class Default "This is the default net class."
    (clearance 0.2)
    (trace_width 0.25)
    (via_dia 0.8)
    (via_drill 0.4)
    (uvia_dia 0.3)
    (uvia_drill 0.1)
    (add_net /+)
    (add_net /-)
  )

  (module wbraun_smd:M3-through-hole (layer F.Cu) (tedit 59F74570) (tstamp 5EE8D064)
    (at 261 42)
    (fp_text reference REF** (at 0 0.5) (layer F.SilkS)
      (effects (font (size 1 1) (thickness 0.15)))
    )
    (fp_text value M3-through-hole (at 0 -0.5) (layer F.Fab)
      (effects (font (size 1 1) (thickness 0.15)))
    )
    (fp_circle (center 0 0) (end 2 0) (layer B.CrtYd) (width 0.3))
    (fp_circle (center 0 0) (end 2 0) (layer F.CrtYd) (width 0.3))
    (pad "" np_thru_hole circle (at 0 0) (size 3.3 3.3) (drill 3.3) (layers *.Cu *.Mask))
  )

  (module wbraun_smd:M3-through-hole (layer F.Cu) (tedit 59F74570) (tstamp 5EE8D051)
    (at 261 23)
    (fp_text reference REF** (at 0 0.5) (layer F.SilkS)
      (effects (font (size 1 1) (thickness 0.15)))
    )
    (fp_text value M3-through-hole (at 0 -0.5) (layer F.Fab)
      (effects (font (size 1 1) (thickness 0.15)))
    )
    (fp_circle (center 0 0) (end 2 0) (layer F.CrtYd) (width 0.3))
    (fp_circle (center 0 0) (end 2 0) (layer B.CrtYd) (width 0.3))
    (pad "" np_thru_hole circle (at 0 0) (size 3.3 3.3) (drill 3.3) (layers *.Cu *.Mask))
  )

  (module wbraun_smd:M3-through-hole (layer F.Cu) (tedit 59F74570) (tstamp 5EE8D03E)
    (at 23 42)
    (fp_text reference REF** (at 0 0.5) (layer F.SilkS)
      (effects (font (size 1 1) (thickness 0.15)))
    )
    (fp_text value M3-through-hole (at 0 -0.5) (layer F.Fab)
      (effects (font (size 1 1) (thickness 0.15)))
    )
    (fp_circle (center 0 0) (end 2 0) (layer B.CrtYd) (width 0.3))
    (fp_circle (center 0 0) (end 2 0) (layer F.CrtYd) (width 0.3))
    (pad "" np_thru_hole circle (at 0 0) (size 3.3 3.3) (drill 3.3) (layers *.Cu *.Mask))
  )

  (module Capacitor_SMD:C_1812_4532Metric (layer F.Cu) (tedit 5B301BBE) (tstamp 5EE87F4A)
    (at 255.2 32.5 270)
    (descr "Capacitor SMD 1812 (4532 Metric), square (rectangular) end terminal, IPC_7351 nominal, (Body size source: https://www.nikhef.nl/pub/departments/mt/projects/detectorR_D/dtddice/ERJ2G.pdf), generated with kicad-footprint-generator")
    (tags capacitor)
    (path /5EDAA863)
    (attr smd)
    (fp_text reference C1001 (at 0 -2.65 270) (layer F.SilkS)
      (effects (font (size 1 1) (thickness 0.15)))
    )
    (fp_text value C (at 0 2.65 270) (layer F.Fab)
      (effects (font (size 1 1) (thickness 0.15)))
    )
    (fp_text user %R (at 0 0 270) (layer F.Fab)
      (effects (font (size 1 1) (thickness 0.15)))
    )
    (fp_line (start 2.95 1.95) (end -2.95 1.95) (layer F.CrtYd) (width 0.05))
    (fp_line (start 2.95 -1.95) (end 2.95 1.95) (layer F.CrtYd) (width 0.05))
    (fp_line (start -2.95 -1.95) (end 2.95 -1.95) (layer F.CrtYd) (width 0.05))
    (fp_line (start -2.95 1.95) (end -2.95 -1.95) (layer F.CrtYd) (width 0.05))
    (fp_line (start -1.386252 1.71) (end 1.386252 1.71) (layer F.SilkS) (width 0.12))
    (fp_line (start -1.386252 -1.71) (end 1.386252 -1.71) (layer F.SilkS) (width 0.12))
    (fp_line (start 2.25 1.6) (end -2.25 1.6) (layer F.Fab) (width 0.1))
    (fp_line (start 2.25 -1.6) (end 2.25 1.6) (layer F.Fab) (width 0.1))
    (fp_line (start -2.25 -1.6) (end 2.25 -1.6) (layer F.Fab) (width 0.1))
    (fp_line (start -2.25 1.6) (end -2.25 -1.6) (layer F.Fab) (width 0.1))
    (pad 2 smd roundrect (at 2.1375 0 270) (size 1.125 3.4) (layers F.Cu F.Paste F.Mask) (roundrect_rratio 0.222222)
      (net 2 /-))
    (pad 1 smd roundrect (at -2.1375 0 270) (size 1.125 3.4) (layers F.Cu F.Paste F.Mask) (roundrect_rratio 0.222222)
      (net 1 /+))
    (model ${KISYS3DMOD}/Capacitor_SMD.3dshapes/C_1812_4532Metric.wrl
      (at (xyz 0 0 0))
      (scale (xyz 1 1 1))
      (rotate (xyz 0 0 0))
    )
  )

  (module Capacitor_SMD:C_1812_4532Metric (layer B.Cu) (tedit 5B301BBE) (tstamp 5EE87EC6)
    (at 255.2 32.5 270)
    (descr "Capacitor SMD 1812 (4532 Metric), square (rectangular) end terminal, IPC_7351 nominal, (Body size source: https://www.nikhef.nl/pub/departments/mt/projects/detectorR_D/dtddice/ERJ2G.pdf), generated with kicad-footprint-generator")
    (tags capacitor)
    (path /5EDAA863)
    (attr smd)
    (fp_text reference C1001 (at 0 2.65 270) (layer B.SilkS)
      (effects (font (size 1 1) (thickness 0.15)) (justify mirror))
    )
    (fp_text value C (at 0 -2.65 270) (layer B.Fab)
      (effects (font (size 1 1) (thickness 0.15)) (justify mirror))
    )
    (fp_line (start -2.25 -1.6) (end -2.25 1.6) (layer B.Fab) (width 0.1))
    (fp_line (start -2.25 1.6) (end 2.25 1.6) (layer B.Fab) (width 0.1))
    (fp_line (start 2.25 1.6) (end 2.25 -1.6) (layer B.Fab) (width 0.1))
    (fp_line (start 2.25 -1.6) (end -2.25 -1.6) (layer B.Fab) (width 0.1))
    (fp_line (start -1.386252 1.71) (end 1.386252 1.71) (layer B.SilkS) (width 0.12))
    (fp_line (start -1.386252 -1.71) (end 1.386252 -1.71) (layer B.SilkS) (width 0.12))
    (fp_line (start -2.95 -1.95) (end -2.95 1.95) (layer B.CrtYd) (width 0.05))
    (fp_line (start -2.95 1.95) (end 2.95 1.95) (layer B.CrtYd) (width 0.05))
    (fp_line (start 2.95 1.95) (end 2.95 -1.95) (layer B.CrtYd) (width 0.05))
    (fp_line (start 2.95 -1.95) (end -2.95 -1.95) (layer B.CrtYd) (width 0.05))
    (fp_text user %R (at 0 0 270) (layer B.Fab)
      (effects (font (size 1 1) (thickness 0.15)) (justify mirror))
    )
    (pad 1 smd roundrect (at -2.1375 0 270) (size 1.125 3.4) (layers B.Cu B.Paste B.Mask) (roundrect_rratio 0.222222)
      (net 1 /+))
    (pad 2 smd roundrect (at 2.1375 0 270) (size 1.125 3.4) (layers B.Cu B.Paste B.Mask) (roundrect_rratio 0.222222)
      (net 2 /-))
    (model ${KISYS3DMOD}/Capacitor_SMD.3dshapes/C_1812_4532Metric.wrl
      (at (xyz 0 0 0))
      (scale (xyz 1 1 1))
      (rotate (xyz 0 0 0))
    )
  )

  (module Capacitor_SMD:C_1812_4532Metric (layer B.Cu) (tedit 5B301BBE) (tstamp 5EE87CF2)
    (at 29 32.5 90)
    (descr "Capacitor SMD 1812 (4532 Metric), square (rectangular) end terminal, IPC_7351 nominal, (Body size source: https://www.nikhef.nl/pub/departments/mt/projects/detectorR_D/dtddice/ERJ2G.pdf), generated with kicad-footprint-generator")
    (tags capacitor)
    (path /5EDAA863)
    (attr smd)
    (fp_text reference C1001 (at 0 2.65 90) (layer B.SilkS)
      (effects (font (size 1 1) (thickness 0.15)) (justify mirror))
    )
    (fp_text value C (at 0 -2.65 90) (layer B.Fab)
      (effects (font (size 1 1) (thickness 0.15)) (justify mirror))
    )
    (fp_text user %R (at 0 0 90) (layer B.Fab)
      (effects (font (size 1 1) (thickness 0.15)) (justify mirror))
    )
    (fp_line (start 2.95 -1.95) (end -2.95 -1.95) (layer B.CrtYd) (width 0.05))
    (fp_line (start 2.95 1.95) (end 2.95 -1.95) (layer B.CrtYd) (width 0.05))
    (fp_line (start -2.95 1.95) (end 2.95 1.95) (layer B.CrtYd) (width 0.05))
    (fp_line (start -2.95 -1.95) (end -2.95 1.95) (layer B.CrtYd) (width 0.05))
    (fp_line (start -1.386252 -1.71) (end 1.386252 -1.71) (layer B.SilkS) (width 0.12))
    (fp_line (start -1.386252 1.71) (end 1.386252 1.71) (layer B.SilkS) (width 0.12))
    (fp_line (start 2.25 -1.6) (end -2.25 -1.6) (layer B.Fab) (width 0.1))
    (fp_line (start 2.25 1.6) (end 2.25 -1.6) (layer B.Fab) (width 0.1))
    (fp_line (start -2.25 1.6) (end 2.25 1.6) (layer B.Fab) (width 0.1))
    (fp_line (start -2.25 -1.6) (end -2.25 1.6) (layer B.Fab) (width 0.1))
    (pad 2 smd roundrect (at 2.1375 0 90) (size 1.125 3.4) (layers B.Cu B.Paste B.Mask) (roundrect_rratio 0.222222)
      (net 2 /-))
    (pad 1 smd roundrect (at -2.1375 0 90) (size 1.125 3.4) (layers B.Cu B.Paste B.Mask) (roundrect_rratio 0.222222)
      (net 1 /+))
    (model ${KISYS3DMOD}/Capacitor_SMD.3dshapes/C_1812_4532Metric.wrl
      (at (xyz 0 0 0))
      (scale (xyz 1 1 1))
      (rotate (xyz 0 0 0))
    )
  )

  (module Capacitor_SMD:C_1812_4532Metric (layer B.Cu) (tedit 5B301BBE) (tstamp 5EDAAD00)
    (at 249.4 32.5 90)
    (descr "Capacitor SMD 1812 (4532 Metric), square (rectangular) end terminal, IPC_7351 nominal, (Body size source: https://www.nikhef.nl/pub/departments/mt/projects/detectorR_D/dtddice/ERJ2G.pdf), generated with kicad-footprint-generator")
    (tags capacitor)
    (attr smd)
    (fp_text reference REF** (at 0 2.65 90) (layer B.SilkS)
      (effects (font (size 1 1) (thickness 0.15)) (justify mirror))
    )
    (fp_text value C_1812_4532Metric (at 0 -2.65 90) (layer B.Fab)
      (effects (font (size 1 1) (thickness 0.15)) (justify mirror))
    )
    (fp_text user %R (at 0 0 90) (layer B.Fab)
      (effects (font (size 1 1) (thickness 0.15)) (justify mirror))
    )
    (fp_line (start 2.95 -1.95) (end -2.95 -1.95) (layer B.CrtYd) (width 0.05))
    (fp_line (start 2.95 1.95) (end 2.95 -1.95) (layer B.CrtYd) (width 0.05))
    (fp_line (start -2.95 1.95) (end 2.95 1.95) (layer B.CrtYd) (width 0.05))
    (fp_line (start -2.95 -1.95) (end -2.95 1.95) (layer B.CrtYd) (width 0.05))
    (fp_line (start -1.386252 -1.71) (end 1.386252 -1.71) (layer B.SilkS) (width 0.12))
    (fp_line (start -1.386252 1.71) (end 1.386252 1.71) (layer B.SilkS) (width 0.12))
    (fp_line (start 2.25 -1.6) (end -2.25 -1.6) (layer B.Fab) (width 0.1))
    (fp_line (start 2.25 1.6) (end 2.25 -1.6) (layer B.Fab) (width 0.1))
    (fp_line (start -2.25 1.6) (end 2.25 1.6) (layer B.Fab) (width 0.1))
    (fp_line (start -2.25 -1.6) (end -2.25 1.6) (layer B.Fab) (width 0.1))
    (pad 2 smd roundrect (at 2.1375 0 90) (size 1.125 3.4) (layers B.Cu B.Paste B.Mask) (roundrect_rratio 0.222222))
    (pad 1 smd roundrect (at -2.1375 0 90) (size 1.125 3.4) (layers B.Cu B.Paste B.Mask) (roundrect_rratio 0.222222))
    (model ${KISYS3DMOD}/Capacitor_SMD.3dshapes/C_1812_4532Metric.wrl
      (at (xyz 0 0 0))
      (scale (xyz 1 1 1))
      (rotate (xyz 0 0 0))
    )
  )

  (module Capacitor_SMD:C_1812_4532Metric (layer B.Cu) (tedit 5B301BBE) (tstamp 5EDAACF0)
    (at 237.8 32.5 90)
    (descr "Capacitor SMD 1812 (4532 Metric), square (rectangular) end terminal, IPC_7351 nominal, (Body size source: https://www.nikhef.nl/pub/departments/mt/projects/detectorR_D/dtddice/ERJ2G.pdf), generated with kicad-footprint-generator")
    (tags capacitor)
    (attr smd)
    (fp_text reference REF** (at 0 2.65 90) (layer B.SilkS)
      (effects (font (size 1 1) (thickness 0.15)) (justify mirror))
    )
    (fp_text value C_1812_4532Metric (at 0 -2.65 90) (layer B.Fab)
      (effects (font (size 1 1) (thickness 0.15)) (justify mirror))
    )
    (fp_text user %R (at 0 0 90) (layer B.Fab)
      (effects (font (size 1 1) (thickness 0.15)) (justify mirror))
    )
    (fp_line (start 2.95 -1.95) (end -2.95 -1.95) (layer B.CrtYd) (width 0.05))
    (fp_line (start 2.95 1.95) (end 2.95 -1.95) (layer B.CrtYd) (width 0.05))
    (fp_line (start -2.95 1.95) (end 2.95 1.95) (layer B.CrtYd) (width 0.05))
    (fp_line (start -2.95 -1.95) (end -2.95 1.95) (layer B.CrtYd) (width 0.05))
    (fp_line (start -1.386252 -1.71) (end 1.386252 -1.71) (layer B.SilkS) (width 0.12))
    (fp_line (start -1.386252 1.71) (end 1.386252 1.71) (layer B.SilkS) (width 0.12))
    (fp_line (start 2.25 -1.6) (end -2.25 -1.6) (layer B.Fab) (width 0.1))
    (fp_line (start 2.25 1.6) (end 2.25 -1.6) (layer B.Fab) (width 0.1))
    (fp_line (start -2.25 1.6) (end 2.25 1.6) (layer B.Fab) (width 0.1))
    (fp_line (start -2.25 -1.6) (end -2.25 1.6) (layer B.Fab) (width 0.1))
    (pad 2 smd roundrect (at 2.1375 0 90) (size 1.125 3.4) (layers B.Cu B.Paste B.Mask) (roundrect_rratio 0.222222))
    (pad 1 smd roundrect (at -2.1375 0 90) (size 1.125 3.4) (layers B.Cu B.Paste B.Mask) (roundrect_rratio 0.222222))
    (model ${KISYS3DMOD}/Capacitor_SMD.3dshapes/C_1812_4532Metric.wrl
      (at (xyz 0 0 0))
      (scale (xyz 1 1 1))
      (rotate (xyz 0 0 0))
    )
  )

  (module Capacitor_SMD:C_1812_4532Metric (layer B.Cu) (tedit 5B301BBE) (tstamp 5EDAACE0)
    (at 226.2 32.5 90)
    (descr "Capacitor SMD 1812 (4532 Metric), square (rectangular) end terminal, IPC_7351 nominal, (Body size source: https://www.nikhef.nl/pub/departments/mt/projects/detectorR_D/dtddice/ERJ2G.pdf), generated with kicad-footprint-generator")
    (tags capacitor)
    (attr smd)
    (fp_text reference REF** (at 0 2.65 90) (layer B.SilkS)
      (effects (font (size 1 1) (thickness 0.15)) (justify mirror))
    )
    (fp_text value C_1812_4532Metric (at 0 -2.65 90) (layer B.Fab)
      (effects (font (size 1 1) (thickness 0.15)) (justify mirror))
    )
    (fp_text user %R (at 0 0 90) (layer B.Fab)
      (effects (font (size 1 1) (thickness 0.15)) (justify mirror))
    )
    (fp_line (start 2.95 -1.95) (end -2.95 -1.95) (layer B.CrtYd) (width 0.05))
    (fp_line (start 2.95 1.95) (end 2.95 -1.95) (layer B.CrtYd) (width 0.05))
    (fp_line (start -2.95 1.95) (end 2.95 1.95) (layer B.CrtYd) (width 0.05))
    (fp_line (start -2.95 -1.95) (end -2.95 1.95) (layer B.CrtYd) (width 0.05))
    (fp_line (start -1.386252 -1.71) (end 1.386252 -1.71) (layer B.SilkS) (width 0.12))
    (fp_line (start -1.386252 1.71) (end 1.386252 1.71) (layer B.SilkS) (width 0.12))
    (fp_line (start 2.25 -1.6) (end -2.25 -1.6) (layer B.Fab) (width 0.1))
    (fp_line (start 2.25 1.6) (end 2.25 -1.6) (layer B.Fab) (width 0.1))
    (fp_line (start -2.25 1.6) (end 2.25 1.6) (layer B.Fab) (width 0.1))
    (fp_line (start -2.25 -1.6) (end -2.25 1.6) (layer B.Fab) (width 0.1))
    (pad 2 smd roundrect (at 2.1375 0 90) (size 1.125 3.4) (layers B.Cu B.Paste B.Mask) (roundrect_rratio 0.222222))
    (pad 1 smd roundrect (at -2.1375 0 90) (size 1.125 3.4) (layers B.Cu B.Paste B.Mask) (roundrect_rratio 0.222222))
    (model ${KISYS3DMOD}/Capacitor_SMD.3dshapes/C_1812_4532Metric.wrl
      (at (xyz 0 0 0))
      (scale (xyz 1 1 1))
      (rotate (xyz 0 0 0))
    )
  )

  (module Capacitor_SMD:C_1812_4532Metric (layer B.Cu) (tedit 5B301BBE) (tstamp 5EDAACD0)
    (at 214.6 32.5 90)
    (descr "Capacitor SMD 1812 (4532 Metric), square (rectangular) end terminal, IPC_7351 nominal, (Body size source: https://www.nikhef.nl/pub/departments/mt/projects/detectorR_D/dtddice/ERJ2G.pdf), generated with kicad-footprint-generator")
    (tags capacitor)
    (attr smd)
    (fp_text reference REF** (at 0 2.65 90) (layer B.SilkS)
      (effects (font (size 1 1) (thickness 0.15)) (justify mirror))
    )
    (fp_text value C_1812_4532Metric (at 0 -2.65 90) (layer B.Fab)
      (effects (font (size 1 1) (thickness 0.15)) (justify mirror))
    )
    (fp_text user %R (at 0 0 90) (layer B.Fab)
      (effects (font (size 1 1) (thickness 0.15)) (justify mirror))
    )
    (fp_line (start 2.95 -1.95) (end -2.95 -1.95) (layer B.CrtYd) (width 0.05))
    (fp_line (start 2.95 1.95) (end 2.95 -1.95) (layer B.CrtYd) (width 0.05))
    (fp_line (start -2.95 1.95) (end 2.95 1.95) (layer B.CrtYd) (width 0.05))
    (fp_line (start -2.95 -1.95) (end -2.95 1.95) (layer B.CrtYd) (width 0.05))
    (fp_line (start -1.386252 -1.71) (end 1.386252 -1.71) (layer B.SilkS) (width 0.12))
    (fp_line (start -1.386252 1.71) (end 1.386252 1.71) (layer B.SilkS) (width 0.12))
    (fp_line (start 2.25 -1.6) (end -2.25 -1.6) (layer B.Fab) (width 0.1))
    (fp_line (start 2.25 1.6) (end 2.25 -1.6) (layer B.Fab) (width 0.1))
    (fp_line (start -2.25 1.6) (end 2.25 1.6) (layer B.Fab) (width 0.1))
    (fp_line (start -2.25 -1.6) (end -2.25 1.6) (layer B.Fab) (width 0.1))
    (pad 2 smd roundrect (at 2.1375 0 90) (size 1.125 3.4) (layers B.Cu B.Paste B.Mask) (roundrect_rratio 0.222222))
    (pad 1 smd roundrect (at -2.1375 0 90) (size 1.125 3.4) (layers B.Cu B.Paste B.Mask) (roundrect_rratio 0.222222))
    (model ${KISYS3DMOD}/Capacitor_SMD.3dshapes/C_1812_4532Metric.wrl
      (at (xyz 0 0 0))
      (scale (xyz 1 1 1))
      (rotate (xyz 0 0 0))
    )
  )

  (module Capacitor_SMD:C_1812_4532Metric (layer B.Cu) (tedit 5B301BBE) (tstamp 5EDAACC0)
    (at 203 32.5 90)
    (descr "Capacitor SMD 1812 (4532 Metric), square (rectangular) end terminal, IPC_7351 nominal, (Body size source: https://www.nikhef.nl/pub/departments/mt/projects/detectorR_D/dtddice/ERJ2G.pdf), generated with kicad-footprint-generator")
    (tags capacitor)
    (attr smd)
    (fp_text reference REF** (at 0 2.65 90) (layer B.SilkS)
      (effects (font (size 1 1) (thickness 0.15)) (justify mirror))
    )
    (fp_text value C_1812_4532Metric (at 0 -2.65 90) (layer B.Fab)
      (effects (font (size 1 1) (thickness 0.15)) (justify mirror))
    )
    (fp_text user %R (at 0 0 90) (layer B.Fab)
      (effects (font (size 1 1) (thickness 0.15)) (justify mirror))
    )
    (fp_line (start 2.95 -1.95) (end -2.95 -1.95) (layer B.CrtYd) (width 0.05))
    (fp_line (start 2.95 1.95) (end 2.95 -1.95) (layer B.CrtYd) (width 0.05))
    (fp_line (start -2.95 1.95) (end 2.95 1.95) (layer B.CrtYd) (width 0.05))
    (fp_line (start -2.95 -1.95) (end -2.95 1.95) (layer B.CrtYd) (width 0.05))
    (fp_line (start -1.386252 -1.71) (end 1.386252 -1.71) (layer B.SilkS) (width 0.12))
    (fp_line (start -1.386252 1.71) (end 1.386252 1.71) (layer B.SilkS) (width 0.12))
    (fp_line (start 2.25 -1.6) (end -2.25 -1.6) (layer B.Fab) (width 0.1))
    (fp_line (start 2.25 1.6) (end 2.25 -1.6) (layer B.Fab) (width 0.1))
    (fp_line (start -2.25 1.6) (end 2.25 1.6) (layer B.Fab) (width 0.1))
    (fp_line (start -2.25 -1.6) (end -2.25 1.6) (layer B.Fab) (width 0.1))
    (pad 2 smd roundrect (at 2.1375 0 90) (size 1.125 3.4) (layers B.Cu B.Paste B.Mask) (roundrect_rratio 0.222222))
    (pad 1 smd roundrect (at -2.1375 0 90) (size 1.125 3.4) (layers B.Cu B.Paste B.Mask) (roundrect_rratio 0.222222))
    (model ${KISYS3DMOD}/Capacitor_SMD.3dshapes/C_1812_4532Metric.wrl
      (at (xyz 0 0 0))
      (scale (xyz 1 1 1))
      (rotate (xyz 0 0 0))
    )
  )

  (module Capacitor_SMD:C_1812_4532Metric (layer B.Cu) (tedit 5B301BBE) (tstamp 5EDAACB0)
    (at 191.4 32.5 90)
    (descr "Capacitor SMD 1812 (4532 Metric), square (rectangular) end terminal, IPC_7351 nominal, (Body size source: https://www.nikhef.nl/pub/departments/mt/projects/detectorR_D/dtddice/ERJ2G.pdf), generated with kicad-footprint-generator")
    (tags capacitor)
    (attr smd)
    (fp_text reference REF** (at 0 2.65 90) (layer B.SilkS)
      (effects (font (size 1 1) (thickness 0.15)) (justify mirror))
    )
    (fp_text value C_1812_4532Metric (at 0 -2.65 90) (layer B.Fab)
      (effects (font (size 1 1) (thickness 0.15)) (justify mirror))
    )
    (fp_text user %R (at 0 0 90) (layer B.Fab)
      (effects (font (size 1 1) (thickness 0.15)) (justify mirror))
    )
    (fp_line (start 2.95 -1.95) (end -2.95 -1.95) (layer B.CrtYd) (width 0.05))
    (fp_line (start 2.95 1.95) (end 2.95 -1.95) (layer B.CrtYd) (width 0.05))
    (fp_line (start -2.95 1.95) (end 2.95 1.95) (layer B.CrtYd) (width 0.05))
    (fp_line (start -2.95 -1.95) (end -2.95 1.95) (layer B.CrtYd) (width 0.05))
    (fp_line (start -1.386252 -1.71) (end 1.386252 -1.71) (layer B.SilkS) (width 0.12))
    (fp_line (start -1.386252 1.71) (end 1.386252 1.71) (layer B.SilkS) (width 0.12))
    (fp_line (start 2.25 -1.6) (end -2.25 -1.6) (layer B.Fab) (width 0.1))
    (fp_line (start 2.25 1.6) (end 2.25 -1.6) (layer B.Fab) (width 0.1))
    (fp_line (start -2.25 1.6) (end 2.25 1.6) (layer B.Fab) (width 0.1))
    (fp_line (start -2.25 -1.6) (end -2.25 1.6) (layer B.Fab) (width 0.1))
    (pad 2 smd roundrect (at 2.1375 0 90) (size 1.125 3.4) (layers B.Cu B.Paste B.Mask) (roundrect_rratio 0.222222))
    (pad 1 smd roundrect (at -2.1375 0 90) (size 1.125 3.4) (layers B.Cu B.Paste B.Mask) (roundrect_rratio 0.222222))
    (model ${KISYS3DMOD}/Capacitor_SMD.3dshapes/C_1812_4532Metric.wrl
      (at (xyz 0 0 0))
      (scale (xyz 1 1 1))
      (rotate (xyz 0 0 0))
    )
  )

  (module Capacitor_SMD:C_1812_4532Metric (layer B.Cu) (tedit 5B301BBE) (tstamp 5EDAACA0)
    (at 179.8 32.5 90)
    (descr "Capacitor SMD 1812 (4532 Metric), square (rectangular) end terminal, IPC_7351 nominal, (Body size source: https://www.nikhef.nl/pub/departments/mt/projects/detectorR_D/dtddice/ERJ2G.pdf), generated with kicad-footprint-generator")
    (tags capacitor)
    (attr smd)
    (fp_text reference REF** (at 0 2.65 90) (layer B.SilkS)
      (effects (font (size 1 1) (thickness 0.15)) (justify mirror))
    )
    (fp_text value C_1812_4532Metric (at 0 -2.65 90) (layer B.Fab)
      (effects (font (size 1 1) (thickness 0.15)) (justify mirror))
    )
    (fp_text user %R (at 0 0 90) (layer B.Fab)
      (effects (font (size 1 1) (thickness 0.15)) (justify mirror))
    )
    (fp_line (start 2.95 -1.95) (end -2.95 -1.95) (layer B.CrtYd) (width 0.05))
    (fp_line (start 2.95 1.95) (end 2.95 -1.95) (layer B.CrtYd) (width 0.05))
    (fp_line (start -2.95 1.95) (end 2.95 1.95) (layer B.CrtYd) (width 0.05))
    (fp_line (start -2.95 -1.95) (end -2.95 1.95) (layer B.CrtYd) (width 0.05))
    (fp_line (start -1.386252 -1.71) (end 1.386252 -1.71) (layer B.SilkS) (width 0.12))
    (fp_line (start -1.386252 1.71) (end 1.386252 1.71) (layer B.SilkS) (width 0.12))
    (fp_line (start 2.25 -1.6) (end -2.25 -1.6) (layer B.Fab) (width 0.1))
    (fp_line (start 2.25 1.6) (end 2.25 -1.6) (layer B.Fab) (width 0.1))
    (fp_line (start -2.25 1.6) (end 2.25 1.6) (layer B.Fab) (width 0.1))
    (fp_line (start -2.25 -1.6) (end -2.25 1.6) (layer B.Fab) (width 0.1))
    (pad 2 smd roundrect (at 2.1375 0 90) (size 1.125 3.4) (layers B.Cu B.Paste B.Mask) (roundrect_rratio 0.222222))
    (pad 1 smd roundrect (at -2.1375 0 90) (size 1.125 3.4) (layers B.Cu B.Paste B.Mask) (roundrect_rratio 0.222222))
    (model ${KISYS3DMOD}/Capacitor_SMD.3dshapes/C_1812_4532Metric.wrl
      (at (xyz 0 0 0))
      (scale (xyz 1 1 1))
      (rotate (xyz 0 0 0))
    )
  )

  (module Capacitor_SMD:C_1812_4532Metric (layer B.Cu) (tedit 5B301BBE) (tstamp 5EDAAC90)
    (at 168.2 32.5 90)
    (descr "Capacitor SMD 1812 (4532 Metric), square (rectangular) end terminal, IPC_7351 nominal, (Body size source: https://www.nikhef.nl/pub/departments/mt/projects/detectorR_D/dtddice/ERJ2G.pdf), generated with kicad-footprint-generator")
    (tags capacitor)
    (attr smd)
    (fp_text reference REF** (at 0 2.65 90) (layer B.SilkS)
      (effects (font (size 1 1) (thickness 0.15)) (justify mirror))
    )
    (fp_text value C_1812_4532Metric (at 0 -2.65 90) (layer B.Fab)
      (effects (font (size 1 1) (thickness 0.15)) (justify mirror))
    )
    (fp_text user %R (at 0 0 90) (layer B.Fab)
      (effects (font (size 1 1) (thickness 0.15)) (justify mirror))
    )
    (fp_line (start 2.95 -1.95) (end -2.95 -1.95) (layer B.CrtYd) (width 0.05))
    (fp_line (start 2.95 1.95) (end 2.95 -1.95) (layer B.CrtYd) (width 0.05))
    (fp_line (start -2.95 1.95) (end 2.95 1.95) (layer B.CrtYd) (width 0.05))
    (fp_line (start -2.95 -1.95) (end -2.95 1.95) (layer B.CrtYd) (width 0.05))
    (fp_line (start -1.386252 -1.71) (end 1.386252 -1.71) (layer B.SilkS) (width 0.12))
    (fp_line (start -1.386252 1.71) (end 1.386252 1.71) (layer B.SilkS) (width 0.12))
    (fp_line (start 2.25 -1.6) (end -2.25 -1.6) (layer B.Fab) (width 0.1))
    (fp_line (start 2.25 1.6) (end 2.25 -1.6) (layer B.Fab) (width 0.1))
    (fp_line (start -2.25 1.6) (end 2.25 1.6) (layer B.Fab) (width 0.1))
    (fp_line (start -2.25 -1.6) (end -2.25 1.6) (layer B.Fab) (width 0.1))
    (pad 2 smd roundrect (at 2.1375 0 90) (size 1.125 3.4) (layers B.Cu B.Paste B.Mask) (roundrect_rratio 0.222222))
    (pad 1 smd roundrect (at -2.1375 0 90) (size 1.125 3.4) (layers B.Cu B.Paste B.Mask) (roundrect_rratio 0.222222))
    (model ${KISYS3DMOD}/Capacitor_SMD.3dshapes/C_1812_4532Metric.wrl
      (at (xyz 0 0 0))
      (scale (xyz 1 1 1))
      (rotate (xyz 0 0 0))
    )
  )

  (module Capacitor_SMD:C_1812_4532Metric (layer B.Cu) (tedit 5B301BBE) (tstamp 5EDAAC80)
    (at 156.6 32.5 90)
    (descr "Capacitor SMD 1812 (4532 Metric), square (rectangular) end terminal, IPC_7351 nominal, (Body size source: https://www.nikhef.nl/pub/departments/mt/projects/detectorR_D/dtddice/ERJ2G.pdf), generated with kicad-footprint-generator")
    (tags capacitor)
    (attr smd)
    (fp_text reference REF** (at 0 2.65 90) (layer B.SilkS)
      (effects (font (size 1 1) (thickness 0.15)) (justify mirror))
    )
    (fp_text value C_1812_4532Metric (at 0 -2.65 90) (layer B.Fab)
      (effects (font (size 1 1) (thickness 0.15)) (justify mirror))
    )
    (fp_text user %R (at 0 0 90) (layer B.Fab)
      (effects (font (size 1 1) (thickness 0.15)) (justify mirror))
    )
    (fp_line (start 2.95 -1.95) (end -2.95 -1.95) (layer B.CrtYd) (width 0.05))
    (fp_line (start 2.95 1.95) (end 2.95 -1.95) (layer B.CrtYd) (width 0.05))
    (fp_line (start -2.95 1.95) (end 2.95 1.95) (layer B.CrtYd) (width 0.05))
    (fp_line (start -2.95 -1.95) (end -2.95 1.95) (layer B.CrtYd) (width 0.05))
    (fp_line (start -1.386252 -1.71) (end 1.386252 -1.71) (layer B.SilkS) (width 0.12))
    (fp_line (start -1.386252 1.71) (end 1.386252 1.71) (layer B.SilkS) (width 0.12))
    (fp_line (start 2.25 -1.6) (end -2.25 -1.6) (layer B.Fab) (width 0.1))
    (fp_line (start 2.25 1.6) (end 2.25 -1.6) (layer B.Fab) (width 0.1))
    (fp_line (start -2.25 1.6) (end 2.25 1.6) (layer B.Fab) (width 0.1))
    (fp_line (start -2.25 -1.6) (end -2.25 1.6) (layer B.Fab) (width 0.1))
    (pad 2 smd roundrect (at 2.1375 0 90) (size 1.125 3.4) (layers B.Cu B.Paste B.Mask) (roundrect_rratio 0.222222))
    (pad 1 smd roundrect (at -2.1375 0 90) (size 1.125 3.4) (layers B.Cu B.Paste B.Mask) (roundrect_rratio 0.222222))
    (model ${KISYS3DMOD}/Capacitor_SMD.3dshapes/C_1812_4532Metric.wrl
      (at (xyz 0 0 0))
      (scale (xyz 1 1 1))
      (rotate (xyz 0 0 0))
    )
  )

  (module Capacitor_SMD:C_1812_4532Metric (layer B.Cu) (tedit 5B301BBE) (tstamp 5EDAAC70)
    (at 145 32.5 90)
    (descr "Capacitor SMD 1812 (4532 Metric), square (rectangular) end terminal, IPC_7351 nominal, (Body size source: https://www.nikhef.nl/pub/departments/mt/projects/detectorR_D/dtddice/ERJ2G.pdf), generated with kicad-footprint-generator")
    (tags capacitor)
    (attr smd)
    (fp_text reference REF** (at 0 2.65 90) (layer B.SilkS)
      (effects (font (size 1 1) (thickness 0.15)) (justify mirror))
    )
    (fp_text value C_1812_4532Metric (at 0 -2.65 90) (layer B.Fab)
      (effects (font (size 1 1) (thickness 0.15)) (justify mirror))
    )
    (fp_text user %R (at 0 0 90) (layer B.Fab)
      (effects (font (size 1 1) (thickness 0.15)) (justify mirror))
    )
    (fp_line (start 2.95 -1.95) (end -2.95 -1.95) (layer B.CrtYd) (width 0.05))
    (fp_line (start 2.95 1.95) (end 2.95 -1.95) (layer B.CrtYd) (width 0.05))
    (fp_line (start -2.95 1.95) (end 2.95 1.95) (layer B.CrtYd) (width 0.05))
    (fp_line (start -2.95 -1.95) (end -2.95 1.95) (layer B.CrtYd) (width 0.05))
    (fp_line (start -1.386252 -1.71) (end 1.386252 -1.71) (layer B.SilkS) (width 0.12))
    (fp_line (start -1.386252 1.71) (end 1.386252 1.71) (layer B.SilkS) (width 0.12))
    (fp_line (start 2.25 -1.6) (end -2.25 -1.6) (layer B.Fab) (width 0.1))
    (fp_line (start 2.25 1.6) (end 2.25 -1.6) (layer B.Fab) (width 0.1))
    (fp_line (start -2.25 1.6) (end 2.25 1.6) (layer B.Fab) (width 0.1))
    (fp_line (start -2.25 -1.6) (end -2.25 1.6) (layer B.Fab) (width 0.1))
    (pad 2 smd roundrect (at 2.1375 0 90) (size 1.125 3.4) (layers B.Cu B.Paste B.Mask) (roundrect_rratio 0.222222))
    (pad 1 smd roundrect (at -2.1375 0 90) (size 1.125 3.4) (layers B.Cu B.Paste B.Mask) (roundrect_rratio 0.222222))
    (model ${KISYS3DMOD}/Capacitor_SMD.3dshapes/C_1812_4532Metric.wrl
      (at (xyz 0 0 0))
      (scale (xyz 1 1 1))
      (rotate (xyz 0 0 0))
    )
  )

  (module Capacitor_SMD:C_1812_4532Metric (layer B.Cu) (tedit 5B301BBE) (tstamp 5EDAAC60)
    (at 133.4 32.5 90)
    (descr "Capacitor SMD 1812 (4532 Metric), square (rectangular) end terminal, IPC_7351 nominal, (Body size source: https://www.nikhef.nl/pub/departments/mt/projects/detectorR_D/dtddice/ERJ2G.pdf), generated with kicad-footprint-generator")
    (tags capacitor)
    (attr smd)
    (fp_text reference REF** (at 0 2.65 90) (layer B.SilkS)
      (effects (font (size 1 1) (thickness 0.15)) (justify mirror))
    )
    (fp_text value C_1812_4532Metric (at 0 -2.65 90) (layer B.Fab)
      (effects (font (size 1 1) (thickness 0.15)) (justify mirror))
    )
    (fp_text user %R (at 0 0 90) (layer B.Fab)
      (effects (font (size 1 1) (thickness 0.15)) (justify mirror))
    )
    (fp_line (start 2.95 -1.95) (end -2.95 -1.95) (layer B.CrtYd) (width 0.05))
    (fp_line (start 2.95 1.95) (end 2.95 -1.95) (layer B.CrtYd) (width 0.05))
    (fp_line (start -2.95 1.95) (end 2.95 1.95) (layer B.CrtYd) (width 0.05))
    (fp_line (start -2.95 -1.95) (end -2.95 1.95) (layer B.CrtYd) (width 0.05))
    (fp_line (start -1.386252 -1.71) (end 1.386252 -1.71) (layer B.SilkS) (width 0.12))
    (fp_line (start -1.386252 1.71) (end 1.386252 1.71) (layer B.SilkS) (width 0.12))
    (fp_line (start 2.25 -1.6) (end -2.25 -1.6) (layer B.Fab) (width 0.1))
    (fp_line (start 2.25 1.6) (end 2.25 -1.6) (layer B.Fab) (width 0.1))
    (fp_line (start -2.25 1.6) (end 2.25 1.6) (layer B.Fab) (width 0.1))
    (fp_line (start -2.25 -1.6) (end -2.25 1.6) (layer B.Fab) (width 0.1))
    (pad 2 smd roundrect (at 2.1375 0 90) (size 1.125 3.4) (layers B.Cu B.Paste B.Mask) (roundrect_rratio 0.222222))
    (pad 1 smd roundrect (at -2.1375 0 90) (size 1.125 3.4) (layers B.Cu B.Paste B.Mask) (roundrect_rratio 0.222222))
    (model ${KISYS3DMOD}/Capacitor_SMD.3dshapes/C_1812_4532Metric.wrl
      (at (xyz 0 0 0))
      (scale (xyz 1 1 1))
      (rotate (xyz 0 0 0))
    )
  )

  (module Capacitor_SMD:C_1812_4532Metric (layer B.Cu) (tedit 5B301BBE) (tstamp 5EDAAC50)
    (at 121.8 32.5 90)
    (descr "Capacitor SMD 1812 (4532 Metric), square (rectangular) end terminal, IPC_7351 nominal, (Body size source: https://www.nikhef.nl/pub/departments/mt/projects/detectorR_D/dtddice/ERJ2G.pdf), generated with kicad-footprint-generator")
    (tags capacitor)
    (attr smd)
    (fp_text reference REF** (at 0 2.65 90) (layer B.SilkS)
      (effects (font (size 1 1) (thickness 0.15)) (justify mirror))
    )
    (fp_text value C_1812_4532Metric (at 0 -2.65 90) (layer B.Fab)
      (effects (font (size 1 1) (thickness 0.15)) (justify mirror))
    )
    (fp_text user %R (at 0 0 90) (layer B.Fab)
      (effects (font (size 1 1) (thickness 0.15)) (justify mirror))
    )
    (fp_line (start 2.95 -1.95) (end -2.95 -1.95) (layer B.CrtYd) (width 0.05))
    (fp_line (start 2.95 1.95) (end 2.95 -1.95) (layer B.CrtYd) (width 0.05))
    (fp_line (start -2.95 1.95) (end 2.95 1.95) (layer B.CrtYd) (width 0.05))
    (fp_line (start -2.95 -1.95) (end -2.95 1.95) (layer B.CrtYd) (width 0.05))
    (fp_line (start -1.386252 -1.71) (end 1.386252 -1.71) (layer B.SilkS) (width 0.12))
    (fp_line (start -1.386252 1.71) (end 1.386252 1.71) (layer B.SilkS) (width 0.12))
    (fp_line (start 2.25 -1.6) (end -2.25 -1.6) (layer B.Fab) (width 0.1))
    (fp_line (start 2.25 1.6) (end 2.25 -1.6) (layer B.Fab) (width 0.1))
    (fp_line (start -2.25 1.6) (end 2.25 1.6) (layer B.Fab) (width 0.1))
    (fp_line (start -2.25 -1.6) (end -2.25 1.6) (layer B.Fab) (width 0.1))
    (pad 2 smd roundrect (at 2.1375 0 90) (size 1.125 3.4) (layers B.Cu B.Paste B.Mask) (roundrect_rratio 0.222222))
    (pad 1 smd roundrect (at -2.1375 0 90) (size 1.125 3.4) (layers B.Cu B.Paste B.Mask) (roundrect_rratio 0.222222))
    (model ${KISYS3DMOD}/Capacitor_SMD.3dshapes/C_1812_4532Metric.wrl
      (at (xyz 0 0 0))
      (scale (xyz 1 1 1))
      (rotate (xyz 0 0 0))
    )
  )

  (module Capacitor_SMD:C_1812_4532Metric (layer B.Cu) (tedit 5B301BBE) (tstamp 5EDAAC40)
    (at 110.2 32.5 90)
    (descr "Capacitor SMD 1812 (4532 Metric), square (rectangular) end terminal, IPC_7351 nominal, (Body size source: https://www.nikhef.nl/pub/departments/mt/projects/detectorR_D/dtddice/ERJ2G.pdf), generated with kicad-footprint-generator")
    (tags capacitor)
    (attr smd)
    (fp_text reference REF** (at 0 2.65 90) (layer B.SilkS)
      (effects (font (size 1 1) (thickness 0.15)) (justify mirror))
    )
    (fp_text value C_1812_4532Metric (at 0 -2.65 90) (layer B.Fab)
      (effects (font (size 1 1) (thickness 0.15)) (justify mirror))
    )
    (fp_text user %R (at 0 0 90) (layer B.Fab)
      (effects (font (size 1 1) (thickness 0.15)) (justify mirror))
    )
    (fp_line (start 2.95 -1.95) (end -2.95 -1.95) (layer B.CrtYd) (width 0.05))
    (fp_line (start 2.95 1.95) (end 2.95 -1.95) (layer B.CrtYd) (width 0.05))
    (fp_line (start -2.95 1.95) (end 2.95 1.95) (layer B.CrtYd) (width 0.05))
    (fp_line (start -2.95 -1.95) (end -2.95 1.95) (layer B.CrtYd) (width 0.05))
    (fp_line (start -1.386252 -1.71) (end 1.386252 -1.71) (layer B.SilkS) (width 0.12))
    (fp_line (start -1.386252 1.71) (end 1.386252 1.71) (layer B.SilkS) (width 0.12))
    (fp_line (start 2.25 -1.6) (end -2.25 -1.6) (layer B.Fab) (width 0.1))
    (fp_line (start 2.25 1.6) (end 2.25 -1.6) (layer B.Fab) (width 0.1))
    (fp_line (start -2.25 1.6) (end 2.25 1.6) (layer B.Fab) (width 0.1))
    (fp_line (start -2.25 -1.6) (end -2.25 1.6) (layer B.Fab) (width 0.1))
    (pad 2 smd roundrect (at 2.1375 0 90) (size 1.125 3.4) (layers B.Cu B.Paste B.Mask) (roundrect_rratio 0.222222))
    (pad 1 smd roundrect (at -2.1375 0 90) (size 1.125 3.4) (layers B.Cu B.Paste B.Mask) (roundrect_rratio 0.222222))
    (model ${KISYS3DMOD}/Capacitor_SMD.3dshapes/C_1812_4532Metric.wrl
      (at (xyz 0 0 0))
      (scale (xyz 1 1 1))
      (rotate (xyz 0 0 0))
    )
  )

  (module Capacitor_SMD:C_1812_4532Metric (layer B.Cu) (tedit 5B301BBE) (tstamp 5EDAAC30)
    (at 98.6 32.5 90)
    (descr "Capacitor SMD 1812 (4532 Metric), square (rectangular) end terminal, IPC_7351 nominal, (Body size source: https://www.nikhef.nl/pub/departments/mt/projects/detectorR_D/dtddice/ERJ2G.pdf), generated with kicad-footprint-generator")
    (tags capacitor)
    (attr smd)
    (fp_text reference REF** (at 0 2.65 90) (layer B.SilkS)
      (effects (font (size 1 1) (thickness 0.15)) (justify mirror))
    )
    (fp_text value C_1812_4532Metric (at 0 -2.65 90) (layer B.Fab)
      (effects (font (size 1 1) (thickness 0.15)) (justify mirror))
    )
    (fp_text user %R (at 0 0 90) (layer B.Fab)
      (effects (font (size 1 1) (thickness 0.15)) (justify mirror))
    )
    (fp_line (start 2.95 -1.95) (end -2.95 -1.95) (layer B.CrtYd) (width 0.05))
    (fp_line (start 2.95 1.95) (end 2.95 -1.95) (layer B.CrtYd) (width 0.05))
    (fp_line (start -2.95 1.95) (end 2.95 1.95) (layer B.CrtYd) (width 0.05))
    (fp_line (start -2.95 -1.95) (end -2.95 1.95) (layer B.CrtYd) (width 0.05))
    (fp_line (start -1.386252 -1.71) (end 1.386252 -1.71) (layer B.SilkS) (width 0.12))
    (fp_line (start -1.386252 1.71) (end 1.386252 1.71) (layer B.SilkS) (width 0.12))
    (fp_line (start 2.25 -1.6) (end -2.25 -1.6) (layer B.Fab) (width 0.1))
    (fp_line (start 2.25 1.6) (end 2.25 -1.6) (layer B.Fab) (width 0.1))
    (fp_line (start -2.25 1.6) (end 2.25 1.6) (layer B.Fab) (width 0.1))
    (fp_line (start -2.25 -1.6) (end -2.25 1.6) (layer B.Fab) (width 0.1))
    (pad 2 smd roundrect (at 2.1375 0 90) (size 1.125 3.4) (layers B.Cu B.Paste B.Mask) (roundrect_rratio 0.222222))
    (pad 1 smd roundrect (at -2.1375 0 90) (size 1.125 3.4) (layers B.Cu B.Paste B.Mask) (roundrect_rratio 0.222222))
    (model ${KISYS3DMOD}/Capacitor_SMD.3dshapes/C_1812_4532Metric.wrl
      (at (xyz 0 0 0))
      (scale (xyz 1 1 1))
      (rotate (xyz 0 0 0))
    )
  )

  (module Capacitor_SMD:C_1812_4532Metric (layer B.Cu) (tedit 5B301BBE) (tstamp 5EDAAC20)
    (at 87 32.5 90)
    (descr "Capacitor SMD 1812 (4532 Metric), square (rectangular) end terminal, IPC_7351 nominal, (Body size source: https://www.nikhef.nl/pub/departments/mt/projects/detectorR_D/dtddice/ERJ2G.pdf), generated with kicad-footprint-generator")
    (tags capacitor)
    (attr smd)
    (fp_text reference REF** (at 0 2.65 90) (layer B.SilkS)
      (effects (font (size 1 1) (thickness 0.15)) (justify mirror))
    )
    (fp_text value C_1812_4532Metric (at 0 -2.65 90) (layer B.Fab)
      (effects (font (size 1 1) (thickness 0.15)) (justify mirror))
    )
    (fp_text user %R (at 0 0 90) (layer B.Fab)
      (effects (font (size 1 1) (thickness 0.15)) (justify mirror))
    )
    (fp_line (start 2.95 -1.95) (end -2.95 -1.95) (layer B.CrtYd) (width 0.05))
    (fp_line (start 2.95 1.95) (end 2.95 -1.95) (layer B.CrtYd) (width 0.05))
    (fp_line (start -2.95 1.95) (end 2.95 1.95) (layer B.CrtYd) (width 0.05))
    (fp_line (start -2.95 -1.95) (end -2.95 1.95) (layer B.CrtYd) (width 0.05))
    (fp_line (start -1.386252 -1.71) (end 1.386252 -1.71) (layer B.SilkS) (width 0.12))
    (fp_line (start -1.386252 1.71) (end 1.386252 1.71) (layer B.SilkS) (width 0.12))
    (fp_line (start 2.25 -1.6) (end -2.25 -1.6) (layer B.Fab) (width 0.1))
    (fp_line (start 2.25 1.6) (end 2.25 -1.6) (layer B.Fab) (width 0.1))
    (fp_line (start -2.25 1.6) (end 2.25 1.6) (layer B.Fab) (width 0.1))
    (fp_line (start -2.25 -1.6) (end -2.25 1.6) (layer B.Fab) (width 0.1))
    (pad 2 smd roundrect (at 2.1375 0 90) (size 1.125 3.4) (layers B.Cu B.Paste B.Mask) (roundrect_rratio 0.222222))
    (pad 1 smd roundrect (at -2.1375 0 90) (size 1.125 3.4) (layers B.Cu B.Paste B.Mask) (roundrect_rratio 0.222222))
    (model ${KISYS3DMOD}/Capacitor_SMD.3dshapes/C_1812_4532Metric.wrl
      (at (xyz 0 0 0))
      (scale (xyz 1 1 1))
      (rotate (xyz 0 0 0))
    )
  )

  (module Capacitor_SMD:C_1812_4532Metric (layer B.Cu) (tedit 5B301BBE) (tstamp 5EDAAC10)
    (at 75.4 32.5 90)
    (descr "Capacitor SMD 1812 (4532 Metric), square (rectangular) end terminal, IPC_7351 nominal, (Body size source: https://www.nikhef.nl/pub/departments/mt/projects/detectorR_D/dtddice/ERJ2G.pdf), generated with kicad-footprint-generator")
    (tags capacitor)
    (attr smd)
